#########################################################################################################################
#########################################################################################################################
#########################################################################################################################
> rcorr(fsdata, type = "spearman")

			PIAL_CLASS4 ABLA_CLASS4 PIEN_CLASS4 ABLA_CLASS3 PIEN_CLASS3 ABLA_CLASS2 PIEN_CLASS2 ABLA_CLASS1 PIEN_CLASS1
PIAL_CLASS4        1.00        0.10       -0.14        0.01       -0.09        0.05       -0.27        0.05        0.11
ABLA_CLASS4        0.10        1.00        0.23        0.59        0.10        0.39        0.00        0.09       -0.15
PIEN_CLASS4       -0.14        0.23        1.00        0.32        0.78        0.30        0.67        0.00        0.12
ABLA_CLASS3        0.01        0.59        0.32        1.00        0.27        0.65        0.10        0.11        0.12
PIEN_CLASS3       -0.09        0.10        0.78        0.27        1.00        0.31        0.72        0.09        0.22
ABLA_CLASS2        0.05        0.39        0.30        0.65        0.31        1.00        0.11        0.33        0.07
PIEN_CLASS2       -0.27        0.00        0.67        0.10        0.72        0.11        1.00        0.00        0.17
ABLA_CLASS1        0.05        0.09        0.00        0.11        0.09        0.33        0.00        1.00        0.21
PIEN_CLASS1        0.11       -0.15        0.12        0.12        0.22        0.07        0.17        0.21        1.00

n= 64 


P
            PIAL_CLASS4 ABLA_CLASS4 PIEN_CLASS4 ABLA_CLASS3 PIEN_CLASS3 ABLA_CLASS2 PIEN_CLASS2 ABLA_CLASS1 PIEN_CLASS1
PIAL_CLASS4             0.4219      0.2775      0.9196      0.4788      0.7060      0.0320      0.6837      0.3703     
ABLA_CLASS4 0.4219                  0.0721      0.0000      0.4300      0.0014      0.9709      0.4741      0.2249     
PIEN_CLASS4 0.2775      0.0721                  0.0094      0.0000      0.0143      0.0000      0.9958      0.3506     
ABLA_CLASS3 0.9196      0.0000      0.0094                  0.0325      0.0000      0.4354      0.4081      0.3437     
PIEN_CLASS3 0.4788      0.4300      0.0000      0.0325                  0.0133      0.0000      0.4856      0.0750     
ABLA_CLASS2 0.7060      0.0014      0.0143      0.0000      0.0133                  0.3937      0.0069      0.5892     
PIEN_CLASS2 0.0320      0.9709      0.0000      0.4354      0.0000      0.3937                  0.9990      0.1678     
ABLA_CLASS1 0.6837      0.4741      0.9958      0.4081      0.4856      0.0069      0.9990                  0.1002     
PIEN_CLASS1 0.3703      0.2249      0.3506      0.3437      0.0750      0.5892      0.1678      0.1002         

#########################################################################################################################
> rcorr(fsdata, type = "pearson")

            PIAL_CLASS4 ABLA_CLASS4 PIEN_CLASS4 ABLA_CLASS3 PIEN_CLASS3 ABLA_CLASS2 PIEN_CLASS2 ABLA_CLASS1 PIEN_CLASS1
PIAL_CLASS4        1.00       -0.02       -0.23       -0.06       -0.17       -0.04       -0.21       -0.10       -0.03
ABLA_CLASS4       -0.02        1.00        0.22        0.82        0.20        0.46        0.00        0.26       -0.08
PIEN_CLASS4       -0.23        0.22        1.00        0.28        0.72        0.19        0.46        0.04       -0.06
ABLA_CLASS3       -0.06        0.82        0.28        1.00        0.34        0.76        0.08        0.41       -0.05
PIEN_CLASS3       -0.17        0.20        0.72        0.34        1.00        0.32        0.68        0.19        0.28
ABLA_CLASS2       -0.04        0.46        0.19        0.76        0.32        1.00        0.16        0.26       -0.04
PIEN_CLASS2       -0.21        0.00        0.46        0.08        0.68        0.16        1.00        0.13        0.56
ABLA_CLASS1       -0.10        0.26        0.04        0.41        0.19        0.26        0.13        1.00        0.26
PIEN_CLASS1       -0.03       -0.08       -0.06       -0.05        0.28       -0.04        0.56        0.26        1.00

n= 64 


P
            PIAL_CLASS4 ABLA_CLASS4 PIEN_CLASS4 ABLA_CLASS3 PIEN_CLASS3 ABLA_CLASS2 PIEN_CLASS2 ABLA_CLASS1 PIEN_CLASS1
PIAL_CLASS4             0.8668      0.0686      0.6247      0.1707      0.7375      0.0897      0.4494      0.8275     
ABLA_CLASS4 0.8668                  0.0789      0.0000      0.1065      0.0001      0.9954      0.0352      0.5161     
PIEN_CLASS4 0.0686      0.0789                  0.0238      0.0000      0.1360      0.0001      0.7598      0.6651     
ABLA_CLASS3 0.6247      0.0000      0.0238                  0.0066      0.0000      0.5449      0.0009      0.6961     
PIEN_CLASS3 0.1707      0.1065      0.0000      0.0066                  0.0094      0.0000      0.1327      0.0272     
ABLA_CLASS2 0.7375      0.0001      0.1360      0.0000      0.0094                  0.2191      0.0367      0.7274     
PIEN_CLASS2 0.0897      0.9954      0.0001      0.5449      0.0000      0.2191                  0.2897      0.0000     
ABLA_CLASS1 0.4494      0.0352      0.7598      0.0009      0.1327      0.0367      0.2897                  0.0374     
PIEN_CLASS1 0.8275      0.5161      0.6651      0.6961      0.0272      0.7274      0.0000      0.0374               

#########################################################################################################################
#########################################################################################################################
#########################################################################################################################

> rcorr(fsdata, type = "pearson")
            PIAL_CLASS3 ABLA_CLASS4 PIEN_CLASS4 ABLA_CLASS3 PIEN_CLASS3 ABLA_CLASS2 PIEN_CLASS2 ABLA_CLASS1 PIEN_CLASS1
PIAL_CLASS3        1.00        0.02       -0.23       -0.07       -0.18       -0.10       -0.14       -0.09       -0.14
ABLA_CLASS4        0.02        1.00        0.22        0.82        0.20        0.46        0.00        0.26       -0.08
PIEN_CLASS4       -0.23        0.22        1.00        0.28        0.72        0.19        0.46        0.04       -0.06
ABLA_CLASS3       -0.07        0.82        0.28        1.00        0.34        0.76        0.08        0.41       -0.05
PIEN_CLASS3       -0.18        0.20        0.72        0.34        1.00        0.32        0.68        0.19        0.28
ABLA_CLASS2       -0.10        0.46        0.19        0.76        0.32        1.00        0.16        0.26       -0.04
PIEN_CLASS2       -0.14        0.00        0.46        0.08        0.68        0.16        1.00        0.13        0.56
ABLA_CLASS1       -0.09        0.26        0.04        0.41        0.19        0.26        0.13        1.00        0.26
PIEN_CLASS1       -0.14       -0.08       -0.06       -0.05        0.28       -0.04        0.56        0.26        1.00

n= 64 


P
            PIAL_CLASS3 ABLA_CLASS4 PIEN_CLASS4 ABLA_CLASS3 PIEN_CLASS3 ABLA_CLASS2 PIEN_CLASS2 ABLA_CLASS1 PIEN_CLASS1
PIAL_CLASS3             0.9009      0.0690      0.5800      0.1534      0.4385      0.2597      0.4722      0.2573     
ABLA_CLASS4 0.9009                  0.0789      0.0000      0.1065      0.0001      0.9954      0.0352      0.5161     
PIEN_CLASS4 0.0690      0.0789                  0.0238      0.0000      0.1360      0.0001      0.7598      0.6651     
ABLA_CLASS3 0.5800      0.0000      0.0238                  0.0066      0.0000      0.5449      0.0009      0.6961     
PIEN_CLASS3 0.1534      0.1065      0.0000      0.0066                  0.0094      0.0000      0.1327      0.0272     
ABLA_CLASS2 0.4385      0.0001      0.1360      0.0000      0.0094                  0.2191      0.0367      0.7274     
PIEN_CLASS2 0.2597      0.9954      0.0001      0.5449      0.0000      0.2191                  0.2897      0.0000     
ABLA_CLASS1 0.4722      0.0352      0.7598      0.0009      0.1327      0.0367      0.2897                  0.0374     
PIEN_CLASS1 0.2573      0.5161      0.6651      0.6961      0.0272      0.7274      0.0000      0.0374                 

#########################################################################################################################
> rcorr(fsdata, type = "spearman")
            PIAL_CLASS3 ABLA_CLASS4 PIEN_CLASS4 ABLA_CLASS3 PIEN_CLASS3 ABLA_CLASS2 PIEN_CLASS2 ABLA_CLASS1 PIEN_CLASS1
PIAL_CLASS3        1.00        0.01       -0.10       -0.02        0.00       -0.06       -0.16        0.11       -0.02
ABLA_CLASS4        0.01        1.00        0.23        0.59        0.10        0.39        0.00        0.09       -0.15
PIEN_CLASS4       -0.10        0.23        1.00        0.32        0.78        0.30        0.67        0.00        0.12
ABLA_CLASS3       -0.02        0.59        0.32        1.00        0.27        0.65        0.10        0.11        0.12
PIEN_CLASS3        0.00        0.10        0.78        0.27        1.00        0.31        0.72        0.09        0.22
ABLA_CLASS2       -0.06        0.39        0.30        0.65        0.31        1.00        0.11        0.33        0.07
PIEN_CLASS2       -0.16        0.00        0.67        0.10        0.72        0.11        1.00        0.00        0.17
ABLA_CLASS1        0.11        0.09        0.00        0.11        0.09        0.33        0.00        1.00        0.21
PIEN_CLASS1       -0.02       -0.15        0.12        0.12        0.22        0.07        0.17        0.21        1.00

n= 64 


P
            PIAL_CLASS3 ABLA_CLASS4 PIEN_CLASS4 ABLA_CLASS3 PIEN_CLASS3 ABLA_CLASS2 PIEN_CLASS2 ABLA_CLASS1 PIEN_CLASS1
PIAL_CLASS3             0.9158      0.4184      0.8644      0.9776      0.6584      0.1926      0.3853      0.8720     
ABLA_CLASS4 0.9158                  0.0721      0.0000      0.4300      0.0014      0.9709      0.4741      0.2249     
PIEN_CLASS4 0.4184      0.0721                  0.0094      0.0000      0.0143      0.0000      0.9958      0.3506     
ABLA_CLASS3 0.8644      0.0000      0.0094                  0.0325      0.0000      0.4354      0.4081      0.3437     
PIEN_CLASS3 0.9776      0.4300      0.0000      0.0325                  0.0133      0.0000      0.4856      0.0750     
ABLA_CLASS2 0.6584      0.0014      0.0143      0.0000      0.0133                  0.3937      0.0069      0.5892     
PIEN_CLASS2 0.1926      0.9709      0.0000      0.4354      0.0000      0.3937                  0.9990      0.1678     
ABLA_CLASS1 0.3853      0.4741      0.9958      0.4081      0.4856      0.0069      0.9990                  0.1002     
PIEN_CLASS1 0.8720      0.2249      0.3506      0.3437      0.0750      0.5892      0.1678      0.1002                 

#########################################################################################################################
#########################################################################################################################
#########################################################################################################################

> rcorr(fsdata, type = "pearson")
            PIAL_CLASS2 ABLA_CLASS4 PIEN_CLASS4 ABLA_CLASS3 PIEN_CLASS3 ABLA_CLASS2 PIEN_CLASS2 ABLA_CLASS1 PIEN_CLASS1
PIAL_CLASS2        1.00       -0.08       -0.23       -0.14       -0.18       -0.13       -0.14       -0.12       -0.12
ABLA_CLASS4       -0.08        1.00        0.22        0.82        0.20        0.46        0.00        0.26       -0.08
PIEN_CLASS4       -0.23        0.22        1.00        0.28        0.72        0.19        0.46        0.04       -0.06
ABLA_CLASS3       -0.14        0.82        0.28        1.00        0.34        0.76        0.08        0.41       -0.05
PIEN_CLASS3       -0.18        0.20        0.72        0.34        1.00        0.32        0.68        0.19        0.28
ABLA_CLASS2       -0.13        0.46        0.19        0.76        0.32        1.00        0.16        0.26       -0.04
PIEN_CLASS2       -0.14        0.00        0.46        0.08        0.68        0.16        1.00        0.13        0.56
ABLA_CLASS1       -0.12        0.26        0.04        0.41        0.19        0.26        0.13        1.00        0.26
PIEN_CLASS1       -0.12       -0.08       -0.06       -0.05        0.28       -0.04        0.56        0.26        1.00

n= 64 


P
            PIAL_CLASS2 ABLA_CLASS4 PIEN_CLASS4 ABLA_CLASS3 PIEN_CLASS3 ABLA_CLASS2 PIEN_CLASS2 ABLA_CLASS1 PIEN_CLASS1
PIAL_CLASS2             0.5306      0.0728      0.2797      0.1440      0.2943      0.2829      0.3325      0.3387     
ABLA_CLASS4 0.5306                  0.0789      0.0000      0.1065      0.0001      0.9954      0.0352      0.5161     
PIEN_CLASS4 0.0728      0.0789                  0.0238      0.0000      0.1360      0.0001      0.7598      0.6651     
ABLA_CLASS3 0.2797      0.0000      0.0238                  0.0066      0.0000      0.5449      0.0009      0.6961     
PIEN_CLASS3 0.1440      0.1065      0.0000      0.0066                  0.0094      0.0000      0.1327      0.0272     
ABLA_CLASS2 0.2943      0.0001      0.1360      0.0000      0.0094                  0.2191      0.0367      0.7274     
PIEN_CLASS2 0.2829      0.9954      0.0001      0.5449      0.0000      0.2191                  0.2897      0.0000     
ABLA_CLASS1 0.3325      0.0352      0.7598      0.0009      0.1327      0.0367      0.2897                  0.0374     
PIEN_CLASS1 0.3387      0.5161      0.6651      0.6961      0.0272      0.7274      0.0000      0.0374           

#########################################################################################################################      
> rcorr(fsdata, type = "spearman")
            PIAL_CLASS2 ABLA_CLASS4 PIEN_CLASS4 ABLA_CLASS3 PIEN_CLASS3 ABLA_CLASS2 PIEN_CLASS2 ABLA_CLASS1 PIEN_CLASS1
PIAL_CLASS2        1.00       -0.07       -0.24       -0.18       -0.13       -0.06       -0.23        0.00       -0.15
ABLA_CLASS4       -0.07        1.00        0.23        0.59        0.10        0.39        0.00        0.09       -0.15
PIEN_CLASS4       -0.24        0.23        1.00        0.32        0.78        0.30        0.67        0.00        0.12
ABLA_CLASS3       -0.18        0.59        0.32        1.00        0.27        0.65        0.10        0.11        0.12
PIEN_CLASS3       -0.13        0.10        0.78        0.27        1.00        0.31        0.72        0.09        0.22
ABLA_CLASS2       -0.06        0.39        0.30        0.65        0.31        1.00        0.11        0.33        0.07
PIEN_CLASS2       -0.23        0.00        0.67        0.10        0.72        0.11        1.00        0.00        0.17
ABLA_CLASS1        0.00        0.09        0.00        0.11        0.09        0.33        0.00        1.00        0.21
PIEN_CLASS1       -0.15       -0.15        0.12        0.12        0.22        0.07        0.17        0.21        1.00

n= 64 


P
            PIAL_CLASS2 ABLA_CLASS4 PIEN_CLASS4 ABLA_CLASS3 PIEN_CLASS3 ABLA_CLASS2 PIEN_CLASS2 ABLA_CLASS1 PIEN_CLASS1
PIAL_CLASS2             0.5758      0.0553      0.1600      0.3018      0.6320      0.0659      0.9792      0.2298     
ABLA_CLASS4 0.5758                  0.0721      0.0000      0.4300      0.0014      0.9709      0.4741      0.2249     
PIEN_CLASS4 0.0553      0.0721                  0.0094      0.0000      0.0143      0.0000      0.9958      0.3506     
ABLA_CLASS3 0.1600      0.0000      0.0094                  0.0325      0.0000      0.4354      0.4081      0.3437     
PIEN_CLASS3 0.3018      0.4300      0.0000      0.0325                  0.0133      0.0000      0.4856      0.0750     
ABLA_CLASS2 0.6320      0.0014      0.0143      0.0000      0.0133                  0.3937      0.0069      0.5892     
PIEN_CLASS2 0.0659      0.9709      0.0000      0.4354      0.0000      0.3937                  0.9990      0.1678     
ABLA_CLASS1 0.9792      0.4741      0.9958      0.4081      0.4856      0.0069      0.9990                  0.1002     
PIEN_CLASS1 0.2298      0.2249      0.3506      0.3437      0.0750      0.5892      0.1678      0.1002      

#########################################################################################################################      
#########################################################################################################################      
#########################################################################################################################      

> rcorr(fsdata, type = "pearson")
            PIAL_CLASS1 ABLA_CLASS4 PIEN_CLASS4 ABLA_CLASS3 PIEN_CLASS3 ABLA_CLASS2 PIEN_CLASS2 ABLA_CLASS1 PIEN_CLASS1
PIAL_CLASS1        1.00       -0.10       -0.29       -0.16       -0.28       -0.19       -0.19       -0.04       -0.08
ABLA_CLASS4       -0.10        1.00        0.22        0.82        0.20        0.46        0.00        0.26       -0.08
PIEN_CLASS4       -0.29        0.22        1.00        0.28        0.72        0.19        0.46        0.04       -0.06
ABLA_CLASS3       -0.16        0.82        0.28        1.00        0.34        0.76        0.08        0.41       -0.05
PIEN_CLASS3       -0.28        0.20        0.72        0.34        1.00        0.32        0.68        0.19        0.28
ABLA_CLASS2       -0.19        0.46        0.19        0.76        0.32        1.00        0.16        0.26       -0.04
PIEN_CLASS2       -0.19        0.00        0.46        0.08        0.68        0.16        1.00        0.13        0.56
ABLA_CLASS1       -0.04        0.26        0.04        0.41        0.19        0.26        0.13        1.00        0.26
PIEN_CLASS1       -0.08       -0.08       -0.06       -0.05        0.28       -0.04        0.56        0.26        1.00

n= 64 


P
            PIAL_CLASS1 ABLA_CLASS4 PIEN_CLASS4 ABLA_CLASS3 PIEN_CLASS3 ABLA_CLASS2 PIEN_CLASS2 ABLA_CLASS1 PIEN_CLASS1
PIAL_CLASS1             0.4535      0.0218      0.2090      0.0263      0.1426      0.1335      0.7385      0.5240     
ABLA_CLASS4 0.4535                  0.0789      0.0000      0.1065      0.0001      0.9954      0.0352      0.5161     
PIEN_CLASS4 0.0218      0.0789                  0.0238      0.0000      0.1360      0.0001      0.7598      0.6651     
ABLA_CLASS3 0.2090      0.0000      0.0238                  0.0066      0.0000      0.5449      0.0009      0.6961     
PIEN_CLASS3 0.0263      0.1065      0.0000      0.0066                  0.0094      0.0000      0.1327      0.0272     
ABLA_CLASS2 0.1426      0.0001      0.1360      0.0000      0.0094                  0.2191      0.0367      0.7274     
PIEN_CLASS2 0.1335      0.9954      0.0001      0.5449      0.0000      0.2191                  0.2897      0.0000     
ABLA_CLASS1 0.7385      0.0352      0.7598      0.0009      0.1327      0.0367      0.2897                  0.0374     
PIEN_CLASS1 0.5240      0.5161      0.6651      0.6961      0.0272      0.7274      0.0000      0.0374                 
#########################################################################################################################      

> rcorr(fsdata, type = "spearman")
            PIAL_CLASS1 ABLA_CLASS4 PIEN_CLASS4 ABLA_CLASS3 PIEN_CLASS3 ABLA_CLASS2 PIEN_CLASS2 ABLA_CLASS1 PIEN_CLASS1
PIAL_CLASS1        1.00       -0.13       -0.32       -0.18       -0.27       -0.12       -0.27        0.20        0.03
ABLA_CLASS4       -0.13        1.00        0.23        0.59        0.10        0.39        0.00        0.09       -0.15
PIEN_CLASS4       -0.32        0.23        1.00        0.32        0.78        0.30        0.67        0.00        0.12
ABLA_CLASS3       -0.18        0.59        0.32        1.00        0.27        0.65        0.10        0.11        0.12
PIEN_CLASS3       -0.27        0.10        0.78        0.27        1.00        0.31        0.72        0.09        0.22
ABLA_CLASS2       -0.12        0.39        0.30        0.65        0.31        1.00        0.11        0.33        0.07
PIEN_CLASS2       -0.27        0.00        0.67        0.10        0.72        0.11        1.00        0.00        0.17
ABLA_CLASS1        0.20        0.09        0.00        0.11        0.09        0.33        0.00        1.00        0.21
PIEN_CLASS1        0.03       -0.15        0.12        0.12        0.22        0.07        0.17        0.21        1.00

n= 64 


P
            PIAL_CLASS1 ABLA_CLASS4 PIEN_CLASS4 ABLA_CLASS3 PIEN_CLASS3 ABLA_CLASS2 PIEN_CLASS2 ABLA_CLASS1 PIEN_CLASS1
PIAL_CLASS1             0.3177      0.0097      0.1508      0.0282      0.3384      0.0316      0.1134      0.8063     
ABLA_CLASS4 0.3177                  0.0721      0.0000      0.4300      0.0014      0.9709      0.4741      0.2249     
PIEN_CLASS4 0.0097      0.0721                  0.0094      0.0000      0.0143      0.0000      0.9958      0.3506     
ABLA_CLASS3 0.1508      0.0000      0.0094                  0.0325      0.0000      0.4354      0.4081      0.3437     
PIEN_CLASS3 0.0282      0.4300      0.0000      0.0325                  0.0133      0.0000      0.4856      0.0750     
ABLA_CLASS2 0.3384      0.0014      0.0143      0.0000      0.0133                  0.3937      0.0069      0.5892     
PIEN_CLASS2 0.0316      0.9709      0.0000      0.4354      0.0000      0.3937                  0.9990      0.1678     
ABLA_CLASS1 0.1134      0.4741      0.9958      0.4081      0.4856      0.0069      0.9990                  0.1002     
PIEN_CLASS1 0.8063      0.2249      0.3506      0.3437      0.0750      0.5892      0.1678      0.1002                 

